22
29
127
255
320
435
477
500
695
715
944
993
1101
1106
1182
1276
1277
1418
1430
1443
1608
2044
2376
2383
2446
2458
2492
2703
2777
2835
3057
3121
3378
3404
3452
3511
3564
3578
3686
3829
3939
4018
4067
4086
4197
4213
4224
4391
4444
4522
4598
4602
4629
4652
4882
4922
5124
5293
5411
5438
5545
5597
5611
5624
5761
5870
5965
5967
6001
6008
6141
6169
6397
6570
6584
6628
6712
6766
6799
6805
6806
6906
7006
7115
7195
7287
7454
7562
7608
7609
7610
7685
7689
7701
7852
7896
7915
8011
8031
8158
8192
8232
8250
8259
8372
8391
8420
8477
8634
8798
8828
8946
8992
9003
9306
9410
9560
9634
9654
9673
9705
9762
9785
9787
9790
9852
9882
9915
9920
10037
10168
10235
10311
10383
10385
10413
10507
10669
10727
10766
10948
11007
11349
11386
11393
11437
11517
11537
11552
11558
11582
11650
11747
11758
11838
12099
12139
12142
12197
12268
12439
12561
12642
12778
12799
12817
12860
12969
12989
12995
13033
13151
13305
13342
13345
13417
13452
13522
13719
13722
13726
13735
13767
14011
14031
14070
14168
14388
14523
14624
14757
14924
15096
15175
15571
15726
15738
15803
15817
16075
16202
16294
16308
16337
16506
16536
16560
16567
16702
16786
16943
16947
17026
17074
17108
17150
17221
17451
17466
17480
17557
17627
17640
17648
17706
17712
17726
17767
17811
18013
18023
18071
18086
18215
18308
18331
18338
18340
18432
18562
18658
18791
19012
19044
19147
19209
19359
19410
19481
19784
19811
19911
19912
19914
19977
19978
20081
20282
20294
20314
20411
20441
20623
20695
20832
20880
21164
21180
21205
21276
21293
21384
21430
21462
21561
21567
21582
21588
21668
21673
21796
21815
21827
21976
22003
22021
22052
22055
22137
22163
22177
22189
22221
22223
22350
22399
22447
22515
22582
22592
22685
22722
22750
22930
23006
23113
23192
23266
23422
23483
23541
23579
23611
23656
23818
23969
24007
24156
24210
24250
24251
24277
24289
24336
24343
24419
24472
24621
24752
24868
25222
25244
25249
25537
25540
25726
25871
25953
26228
26412
26950
27118
27163
27406
27605
27788
27812
27873
27970
28182
28405
28435
28699
29519
29993
30014
30089
30098
30113
30819
30855
30884
30997
31036
31100
31177
31236
31257
31306
31508
31538
31643
31706
31713
31759
32005
32465
32560
32885
33086
33251
33329
33497
33531
33537
33565
33779
34630
34730
34806
34861
34961
35007
35191
35531
35624
35639
35664
35687
35818
35850
36197
36243
36393
36554
36635
37014
37176
37267
37298
37456
37559
37602
37867
38050
38104
38122
38127
38152
38172
38201
38317
38329
38385
38405
38513
38532
38658
38745
38754
38854
38893
38932
38949
38961
39057
39109
39279
39303
39382
39392
39456
39611
39612
39649
39667
39707
39778
39966
40186
40267
40351
40400
40470
40524
40616
40645
40665
40692
40724
40897
41016
41248
41269
41337
41396
41471
41503
41513
41524
41556
41574
41630
41753
41771
41807
41810
41903
41912
41930
41935
41990
42230
42231
42237
42238
42341
42417
42475
42590
42686
42744
42782
42783
43198
43199
43210
43280
43296
43424
43429
43452
43502
43554
43728
43963
44027
44092
44121
44184
44203
44263
44465
44524
44534
44554
44870
44949
44975
45146
45281
45320
45383
45442
45645
45876
46210
46300
46310
46371
46642
46660
46673
46795
46850
46871
46984
47099
47114
47220
47292
47304
47307
47529
47573
47640
47680
47707
47891
47906
47924
47973
47984
48035
48113
48178
48206
48246
48267
48272
48288
48314
48329
48340
48366
48372
48384
48464
48506
48520
48560
48744
48862
49102
49239
49266
49297
49443
49492
49650
49735
49806
50039
50245
50321
50726
50742
50796
50865
51039
51128
51317
51682
51693
51896
51969
51980
52287
52470
52476
52514
52568
52589
52593
52761
52802
52808
52887
53191
53215
53528
53625
54344
54382
54387
55086
55157
55352
55354
55442
55493
56012
56128
56268
56350
56449
56754
56881
57394
57422
57481
57491
57656
57683
57725
57865
57935
57949
57974
57984
58036
58080
58992
59088
59324
59416
59445
59470
59754
59894
59995
60106
60336
60733
60936
60953
61050
61063
61250
61274
61285
61596
61872
61945
62210
62355
62628
62812
62854
62892
62902
62905
63038
63064
63067
63086
63284
63413
63450
63488
63630
63663
63669
63699
63745
63764
63793
63890
63895
63904
63927
63949
64110
64155
64185
64438
64502
64534
64763
64771
64798
64860
64934
64950
64965
64975
65006
65009
65048
65060
65063
65264
65281
65293
65297
65368
65385
65408
65596
65626
65627
65734
65803
65860
65868
65869
65899
65956
66041
66185
66199
66344
66350
66360
66622
66650
66796
66828
66849
66953
66958
66999
67093
67164
67166
67285
67382
67396
67635
67755
67768
67808
67820
67880
67906
68012
68277
68297
68303
68396
68560
68700
68910
68941
69022
69115
69339
69445
69468
69569
69765
69809
69826
70109
70240
70356
70470
70495
70598
70608
70681
70701
70764
70813
70931
71230
71260
71291
71464
71641
71688
71709
71766
71891
72027
72083
72158
72361
72366
72393
72416
72429
72498
72538
72574
72582
72620
72633
72682
72700
72734
72767
72853
72894
72916
72938
72979
72999
73000
73056
73194
73251
73258
73322
73323
73347
73475
73675
73739
73863
73891
73951
74068
74162
74264
74270
74350
74374
74397
74463
74485
74512
74565
74639
74693
74730
74749
74815
74844
75011
75019
75240
75487
75489
75718
75745
75780
75991
76116
76128
76152
76186
76218
76259
76271
76293
76298
76659
76692
76722
76855
76875
76999
77082
77117
77349
77391
77456
77514
77642
77811
77880
77911
77979
78005
78025
78029
78137
78188
78209
78225
78370
78400
78414
78415
78437
78496
78579
78593
78631
78734
78872
78897
78924
79090
79159
79232
79323
79352
79446
79450
79456
79523
79594
79606
79671
79707
79745
79940
79950
79994
80081
80124
80187
80329
80353
80363
80488
80492
80552
80662
80696
80793
80878
80923
81035
81224
81337
81345
81421
81432
81450
81468
81476
81540
81559
81716
81794
81907
81982
82007
82059
82138
82157
82236
82284
82304
82348
82365
82369
82516
82748
82798
82885
82946
82965
83127
83182
83191
83253
83507
83614
83665
83679
83719
83728
83734
83762
83823
83828
83833
83840
83844
83911
83961
83981
83994
84007
84123
84252
84318
84468
84594
84631
84652
84728
84821
84948
85143
85148
85281
85314
85360
85433
85438
85544
85588
85820
86032
86170
86642
87050
87098
87359
87607
87922
87999
88446
88565
88732
88788
88860
89485
89537
89606
89653
89886
90180
90225
90267
90459
90529
90678
90749
90765
90784
90854
90888
90897
90907
90939
90979
90991
91001
91018
91068
91160
91199
91370
91626
91667
91698
91753
91761
91781
91865
91903
92059
92079
92242
92277
92384
92399
92491
92574
92689
92766
92798
92823
92834
92874
93140
93155
93239
93320
93405
93508
93571
93619
93963
93978
94017
94237
94244
94312
94419
94607
94643
94825
95075
95271
95782
95878
95941
95982
96094
96124
96151
96393
96408
96431
96433
96438
96455
96562
96566
96633
96644
96690
96875
96877
96930
97055
97180
97210
97214
97260
97353
97512
97523
97529
97557
97708
97805
97824
97946
98006
98042
98129
98184
98189
98282
98319
98331
98341
98388
98421
98470
98585
98664
98722
98723
98864
98870
98883
98908
98972
99132
99220
99296
99321
99326
99343
99356
99368
99389
99438
99461
99483
99550
99553
99588
99642
99718
99761
99793
99819
99876
99890
99911
99926
100040
100119
100129
100335
100413
100433
100444
100502
100584
100585
100692
100813
100868
100928
101005
101043
101145
101184
101193
101202
101217
101344
101453
101466
101483
101860
101885
101887
101990
102063
102076
102123
102190
102213
102222
102227
102288
102303
102305
102308
102381
102387
102399
102447
102503
102818
102824
103106
103119
103161
103176
103257
103291
103349
103379
103416
103440
103500
103504
103609
103681
103684
103710
103713
103794
103814
103830
103832
103839
103857
103937
103986
104012
104016
104027
104096
104097
104145
104156
104301
104481
104675
104803
105065
105184
105206
105359
105367
105404
105452
105503
105647
105863
105878
105911
106000
106177
106447
106505
106682
106734
106782
106816
106817
107072
107203
107273
107390
107551
107638
107667
107735
107758
107830
107906
107948
108000
108207
108329
108386
108523
108547
108624
108638
108673
108760
108782
108792
108899
108966
109470
109662
109676
109742
110156
110187
110188
110243
110328
110366
110451
110748
110806
110920
110956
110987
111027
111107
111142
111198
111229
111283
111419
111465
111737
111835
112081
112193
112222
112372
112423
112522
112572
112706
112769
112774
112853
113044
113190
113219
113232
113373
113426
113643
113815
114272
114313
114325
114430
114469
114614
114655
114659
114761
114903
114910
115254
115340
115413
115507
115561
115628
115923
116173
116500
116673
116729
116791
116813
116907
117059
117250
117327
117440
117859
117904
117905
118086
118095
118134
118153
118174
