6
8
18
30
35
39
46
47
55
74
87
91
103
111
123
124
129
137
146
150
191
197
205
209
226
227
251
277
288
300
307
312
320
325
332
344
367
390
414
418
440
454
457
464
492
500
504
516
519
527
561
570
596
624
630
651
693
696
703
724
746
750
760
780
781
856
873
884
907
956
978
991
998
1015
1048
1050
1053
1055
1093
1094
1114
1120
1136
1162
1166
1182
1211
1213
1222
1236
1287
1297
1311
1322
1333
1344
1350
1371
1381
1387
1388
1390
1392
1427
1445
1446
1463
1485
1498
1499
1513
1534
1550
1568
1573
1594
1627
1629
1630
1633
1661
1718
1720
1728
1753
1773
1774
1782
1790
1816
1820
1821
1827
1834
1842
1878
1900
1901
1910
1913
1925
1949
1963
1983
2025
2029
2085
2101
2128
2140
2144
2149
2152
2178
2183
2191
2192
2207
2219
2223
2241
2251
2258
2286
2289
2307
2317
2331
2351
2364
2376
2381
2384
2387
2410
2412
2413
2432
2443
2492
2499
2505
2514
2515
2517
2543
2546
2584
2614
2644
2650
2653
2655
2662
2663
2687
2700
2719
2726
2731
2754
2802
2815
2816
2824
2828
2876
2882
2888
2892
2899
2920
2924
2938
2943
2945
3003
3018
3019
3088
3096
3098
3112
3114
3125
3129
3160
3176
3202
3218
3223
3265
3291
3301
3306
3312
3337
3371
3372
3439
3450
3475
3487
3500
3504
3530
3532
3551
3556
3564
3571
3580
3601
3632
3649
3691
3740
3757
3758
3845
3862
3877
3886
3908
3925
3927
3964
3988
3992
4008
4027
4033
4035
4041
4051
4064
4070
4119
4140
4156
4158
4171
4190
4213
4228
4233
4234
4248
4249
4267
4271
4273
4280
4284
4287
4294
4303
4312
4322
4328
4334
4341
4343
4348
4349
4354
4360
4427
4432
4468
4470
4513
4540
4541
4544
4556
4564
4576
4602
4615
4623
4639
4652
4654
4666
4686
4691
4725
4784
4809
4831
4864
4871
4882
4902
4903
4938
4961
4969
4973
4991
5006
5018
5022
5024
5037
5054
5056
5066
5067
5068
5083
5088
5091
5095
5101
5109
5125
5136
5138
5147
5158
5160
5169
5179
5182
5185
5215
5224
5228
5252
5254
5256
5257
5269
5289
5302
5328
5336
5374
5395
5406
5410
5440
5442
5447
5455
5471
5491
5510
5517
5528
5536
5538
5543
5552
5571
5576
5578
5602
5643
5658
5699
5733
5734
5743
5749
5752
5763
5793
5803
5827
5841
5846
5861
5881
5885
5888
5898
5925
5927
5955
5960
5971
5973
5977
5979
6001
6010
6027
6029
6045
6052
6057
6094
6098
6104
6115
6130
6155
6158
6191
6194
6205
6213
6218
6243
6248
6266
6286
6296
6300
6311
6320
6325
6330
6352
6361
6363
6390
6408
6410
6414
6427
6452
6489
6501
6508
6517
6524
6554
6575
6578
6611
6657
6658
6667
6675
6692
6702
6714
6727
6767
6774
6779
6794
6795
6819
6831
6841
6846
6847
6904
6908
6915
6926
6927
6990
7009
7013
7077
7084
7104
7116
7117
7145
7149
7153
7157
7165
7176
7183
7193
7200
7204
7224
7228
7241
7242
7260
7270
7271
7274
7275
7277
7309
7326
7340
7367
7368
7373
7385
7398
7417
7437
7462
7463
7513
7522
7526
7548
7569
7570
7593
7638
7647
7670
7673
7730
7751
7753
7755
7771
7777
7787
7804
7810
7843
7851
7899
7937
7943
7961
7982
7991
7993
8038
8047
8055
8072
8077
8079
8086
8111
8128
8139
8158
8163
8167
8172
8191
8240
8284
8334
8357
8359
8369
8381
8388
8433
8445
8447
8450
8482
8487
8514
8571
8574
8589
8614
8651
8677
8704
8708
8709
8721
8736
8737
8753
8777
8783
8784
8807
8819
8840
8869
8903
8939
8950
8953
8962
8972
8979
8981
8991
8992
9057
9096
9100
9109
9131
9132
9137
9155
9174
9194
9233
9234
9236
9244
9266
9302
9306
9315
9361
9383
9392
9394
9422
9432
9434
9435
9464
9477
9486
9488
9506
9572
9598
9599
9620
9676
9717
9724
9735
9741
9749
9750
9765
9767
9800
9837
9841
9842
9864
9878
9880
9916
9928
9932
9940
9958
10005
10016
10030
10040
10050
10107
10114
10153
10164
10191
10192
10248
10267
10284
10311
10332
10376
10401
10408
10421
10459
10463
10482
10484
10491
10492
10518
10529
10530
10556
10576
10583
10602
10608
10609
10621
10631
10651
10687
10688
10710
10732
10733
10754
10769
10788
10812
10819
10833
10863
10866
10871
10902
10908
10924
10932
10995
11018
11020
11032
11064
11087
11093
11097
11127
11128
11134
11138
11152
11170
11172
11197
11215
11260
11288
11289
11292
11350
11356
11385
11393
11404
11423
11430
11471
11517
11518
11522
11545
11558
11582
11595
11650
11668
11679
11709
11743
11754
11775
11795
11817
11835
11843
11855
11882
11888
11899
11910
11912
11926
11936
11943
11962
11986
11996
12016
12023
12081
12102
12108
12131
12144
12145
12155
12157
12169
12172
12184
12189
12193
12199
12203
12231
12234
12235
12238
12284
12296
12298
12302
12311
12329
12337
12361
12367
12368
12372
12375
12414
12421
12451
12455
12461
12462
12484
12507
12534
12567
12613
12625
12630
12633
12635
12661
12669
12672
12677
12685
12710
12716
12720
12729
12742
12752
12756
12771
12790
12817
12818
12825
12829
12835
12842
12885
12901
12934
12943
12969
12992
12994
12997
13059
13084
13092
13116
13130
13145
13148
13161
13165
13170
13172
13177
13184
13215
13231
13256
13262
13283
13375
13398
13414
13428
13438
13442
13449
13456
13476
13479
13482
13502
13517
13522
13526
13533
13537
13547
13565
13568
13575
13589
13594
13611
13633
13645
13663
13685
13719
13729
13733
13736
13765
13797
13816
13852
13856
13882
13887
13890
13898
13930
13931
13957
13962
13982
14003
14024
14042
14070
14092
14135
14146
14165
14171
14187
14191
14224
14229
14262
14264
14330
14347
14358
14363
14371
14394
14395
14409
14420
14427
14439
14486
14488
14512
14520
14523
14531
14533
14535
14540
14542
14543
14549
14551
14567
14572
14574
14576
14588
14601
14613
14616
14638
14653
14654
14658
14665
14666
14695
14699
14711
14731
14738
14749
14829
14856
14862
14872
14883
14900
14904
14943
14944
14956
14968
14991
15027
15042
15060
15137
15144
15145
15162
15201
15212
15242
15243
15277
15286
15295
15303
15305
15312
15326
15365
15379
15394
15395
15439
15446
15465
15479
15480
15484
15511
15517
15530
15557
15561
15562
15565
15567
15605
15614
15619
15638
15655
15662
15676
15691
15709
15717
15726
15742
15746
15771
15774
15775
15778
15803
15821
15824
15850
15855
15866
15882
15904
15906
15921
15928
15955
15966
15967
16076
16081
16094
16095
16097
16126
16163
16175
16197
16206
16209
16224
16273
16292
16321
16328
16386
16399
16407
16410
16411
16414
16446
16477
16493
16501
16556
16559
16566
16576
16582
16598
16606
16621
16635
16641
16647
16650
16689
16691
16722
16727
16748
16765
16769
16773
16775
16793
16829
16845
16857
16873
16881
16935
16967
17001
17036
17091
17109
17127
17144
17146
17157
17176
17185
17193
17204
17237
17238
17263
17271
17273
17311
17378
17380
17407
17410
17411
17422
17440
17447
17448
17462
17483
17487
17495
17508
17509
17514
17531
17536
17555
17558
17571
17574
17584
17589
17607
17621
17632
17634
17636
17639
17652
17667
17686
17750
17751
17766
17774
17787
17798
17848
17851
17871
17876
17878
17879
17894
17924
17925
17972
17993
17995
18029
18060
18067
18110
18115
18180
18202
18211
18229
18246
18336
18338
18373
18413
18439
18477
18481
18487
18488
18490
18497
18508
18514
18517
18519
18537
18540
18545
18562
18571
18578
18580
18581
18585
18599
18623
18631
18663
18673
18706
18737
18747
18786
18791
18800
18861
18872
18907
18941
18971
18988
19007
19013
19048
19057
19079
19096
19132
19137
19210
19230
19231
19250
19257
19266
19275
19278
19287
19298
19300
19301
19318
19319
19326
19331
19341
19350
19397
19403
19420
19475
19477
19481
19484
19505
19537
19565
19567
19576
19610
19618
19641
19667
19669
19671
19683
19697
19705
19717
19725
19733
19763
19770
19791
19812
19816
19834
19849
19862
19881
19890
19894
19917
19931
19935
19955
19978
19981
19993
20010
20026
20031
20035
20045
20057
20064
20076
20112
20118
20122
20142
20158
20160
20161
20187
20199
20202
20209
20231
20235
20239
20256
20265
20293
20334
20381
20386
20387
20410
20423
20428
20429
20459
20476
20477
20505
20553
20560
20565
20581
20584
20587
20602
20650
20654
20668
20704
20723
20732
20734
20744
20755
20777
20779
20810
20823
20841
20875
20884
20933
20977
20990
21000
21010
21039
21046
21059
21072
21103
21171
21173
21194
21197
21239
21252
21265
21285
21308
21332
21333
21353
21359
21365
21375
21379
21394
21407
21467
21471
21478
21522
21578
21585
21595
21600
21615
21619
21634
21667
21749
21752
21766
21772
21788
21824
21831
21895
21913
21920
21923
21926
21961
21964
22000
22007
22022
22044
22054
22063
22082
22119
22127
22132
22135
22157
22170
22220
22231
22234
22249
22256
22269
22275
22276
22283
22291
22299
22303
22316
22318
22355
22356
22377
22417
22423
22426
22442
22445
22450
22454
22466
22467
22470
22473
22476
22533
22534
22535
22549
22553
22607
22609
22627
22633
22666
22669
22719
22722
22723
22750
22766
22785
22796
22830
22834
22841
22848
22858
22864
22891
22907
22925
22938
22942
22952
22974
22981
22997
23015
23073
23115
23137
23155
23163
23165
23176
23210
23212
23215
23258
23315
23320
23358
23360
23377
23397
23400
23436
23459
23468
23480
23495
23497
23509
23512
23531
23537
23542
23548
23554
23556
23597
23602
23614
23636
23680
23691
23717
23723
23727
23750
23752
23767
23768
23796
23817
23848
23860
23872
23879
23892
23893
23950
23956
23959
24006
24018
24055
24057
24087
24105
24108
24120
24124
24126
24142
24146
24156
24162
24168
24169
24171
24176
24177
24181
24196
24226
24233
24235
24248
24261
24281
24326
24335
24356
24387
24409
24436
24468
24471
24476
24500
24540
24552
24604
24645
24653
24686
24699
24704
24709
24710
24725
24728
24737
24744
24799
24811
24824
24838
24881
24903
24937
24952
24974
24975
24980
24986
25045
25054
25101
25145
25212
25219
25254
25266
25286
25295
25328
25343
25365
25375
25379
25388
25393
25401
25412
25428
25434
25442
25479
25480
25498
25515
25519
25523
25530
25537
25540
25551
25557
25606
25607
25608
25612
25638
25642
25650
25669
25672
25673
25679
25684
25692
25701
25713
25733
25759
25763
25790
25797
25798
25800
25805
25860
25886
25935
25945
25964
25967
25984
26006
26007
26020
26064
26069
26093
26109
26111
26122
26152
26165
26188
26204
26218
26220
26224
26225
26232
26241
26247
26248
26282
26295
26322
26327
26330
26332
26333
26365
26368
26369
26393
26394
26398
26403
26407
26420
26432
26436
26452
26464
26466
26481
26497
26504
26533
26536
26549
26576
26612
26630
26633
26637
26638
26671
26675
26690
26709
26753
26754
26759
26764
26785
26794
26809
26844
26847
26851
26873
26885
26899
26921
26940
26989
26997
27015
27025
27045
27046
27050
27080
27081
27087
27109
27119
27128
27138
27156
27168
27187
27192
27221
27231
27243
27259
27286
27288
27297
27312
27313
27314
27322
27359
27362
27365
27366
27369
27373
27401
27426
27429
27467
27469
27481
27483
27492
27549
27557
27565
27594
27609
27629
27654
27662
27671
27709
27766
27776
27785
27787
27797
27825
27902
27904
27939
27967
27996
28003
28005
28024
28033
28038
28039
28041
28052
28056
28068
28084
28092
28116
28122
28134
28149
28166
28175
28225
28226
28251
28279
28289
28306
28314
28316
28357
28425
28432
28473
28483
28486
28502
28519
28524
28537
28558
28564
28570
28577
28591
28618
28625
28629
28644
28653
28687
28699
28714
28716
28742
28769
28770
28791
28803
28866
28871
28872
28874
28936
28938
28945
28953
28978
29021
29022
29052
29055
29087
29109
29111
29127
29147
29213
29215
29237
29255
29275
29284
29347
29361
29370
29393
29394
29405
29440
29441
29453
29480
29483
29497
29528
29542
29547
29564
29570
29583
29594
29597
29627
29640
29651
29679
29738
29769
29784
29816
29869
29894
29899
29950
29962
29997
30009
30011
30012
30077
30080
30132
30141
30148
30206
30219
30221
30232
30241
30251
30258
30264
30286
30324
30326
30334
30362
30372
30382
30385
30389
30417
30421
30438
30443
30449
30513
30519
30537
30541
30544
30556
30561
30566
30573
30633
30640
30660
30691
30700
30701
30728
30735
30743
30744
30750
30758
30772
30773
30785
30789
30798
30802
30824
30839
30851
30858
30862
30864
30903
30913
30972
30976
30987
30995
30997
31019
31043
31063
31097
31156
31183
31209
31212
31214
31241
31304
31349
31361
31378
31404
31412
31430
31459
31501
31510
31537
31553
31560
31610
31624
31651
31663
31669
31671
31761
31813
31831
31857
31889
31905
31908
31948
31974
31998
32004
32011
32018
32031
32037
32064
32068
32080
32094
32115
32145
32156
32157
32180
32197
32200
32209
32217
32239
32246
32269
32272
32308
32383
32384
32387
32400
32406
32410
32426
32439
32442
32452
32457
32465
32468
32473
32502
32512
32532
32537
32555
32558
32560
32573
32583
32651
32675
32677
32680
32700
32714
32736
32738
32746
32777
32805
32814
32825
32835
32851
32854
32864
32878
32881
32902
32906
32915
32923
32940
32968
32978
32985
32995
33014
33018
33043
33074
33078
33104
33131
33143
33182
33185
33187
33207
33212
33248
33270
33299
33311
33329
33369
33416
33422
33441
33450
33464
33486
33497
33501
33504
33520
33557
33563
33573
33589
33595
33611
33617
33632
33701
33723
33789
33791
33808
33824
33851
33919
33932
33943
33946
33949
33974
34012
34043
34056
34069
34085
34087
34088
34094
34104
34142
34157
34171
34186
34189
34200
34204
34250
34279
34282
34299
34302
34317
34322
34331
34342
34356
34362
34369
34384
34388
34390
34391
34392
34413
34438
34461
34473
34474
34481
34527
34560
34619
34635
34646
34649
34684
34719
34720
34743
34748
34760
34777
34796
34808
34846
34856
34859
34869
34895
34917
34918
34989
35001
35046
35063
35071
35074
35126
35130
35161
35201
35212
35213
35214
35220
35273
35281
35282
35301
35322
35333
35354
35365
35366
35384
35445
35447
35452
35462
35488
35493
35495
35501
35512
35584
35646
35665
35671
35706
35708
35746
35783
35793
35799
35803
35812
35838
35844
35855
35857
35870
35883
35885
35915
35924
35967
36009
36017
36020
36025
36031
36039
36041
36043
36048
36055
36088
36102
36115
36118
36155
36171
36184
36249
36266
36267
36284
36288
36305
36314
36316
36337
36358
36364
36370
36394
36418
36423
36430
36469
36474
36487
36500
36514
36519
36521
36527
36547
36565
36567
36573
36617
36627
36634
36665
36669
36678
36685
36703
36737
36744
36750
36798
36809
36812
36823
36856
36890
36899
36902
36914
36915
36918
36929
36951
36953
36968
36998
37016
37018
37044
37069
37156
37160
37180
37192
37195
37199
37207
37230
37233
37270
37273
37294
37312
37319
37338
37345
37381
37386
37403
37427
37433
37438
37449
37459
37488
37497
37508
37511
37515
37539
37550
37560
37564
37598
37624
37660
37664
37684
37752
37764
37779
37789
37805
37820
37830
37835
37842
37843
37845
37867
37882
37884
37893
37905
37912
37955
37958
37972
37978
37983
37985
37995
38030
38063
38094
38116
38142
38149
38164
38171
38214
38216
38220
38232
38241
38247
38249
38285
38317
38322
38327
38329
38335
38336
38355
38390
38421
38424
38436
38441
38470
38503
38509
38510
38526
38535
38536
38556
38561
38566
38569
38592
38620
38632
38641
38642
38668
38675
38677
38702
38744
38750
38756
38768
38772
38787
38788
38789
38807
38830
38837
38854
38872
38895
38907
38944
38950
38958
38963
38978
38988
39010
39031
39033
39035
39047
39071
39088
39114
39118
39144
39153
39184
39199
39209
39228
39232
39236
39259
39283
39361
39376
39431
39432
39433
39454
39485
39504
39537
39554
39556
39567
39594
39612
39613
39643
39666
39674
39685
39695
39699
39704
39715
39723
39729
39750
39751
39763
39812
39825
39834
39849
39859
39877
39917
39933
39960
39966
39967
39975
39987
40041
40060
40075
40078
40178
40186
40210
40211
40224
40233
40246
40269
40285
40290
40298
40317
40347
40350
40351
40368
40380
40388
40420
40421
40442
40455
40461
40473
40484
40489
40514
40534
40546
40565
40566
40593
40602
40603
40610
40640
40646
40676
40680
40686
40695
40716
40775
40803
40813
40815
40843
40874
40876
40889
40909
40915
40922
40923
40943
40951
40961
40995
41030
41032
41054
41058
41100
41131
41148
41164
41176
41192
41219
41239
41247
41329
41351
41352
41361
41370
41434
41451
41456
41474
41478
41481
41501
41507
41535
41539
41542
41544
41545
41557
41562
41572
41588
41591
41606
41614
41652
41664
41678
41697
41716
41793
41797
41805
41811
41812
41813
41822
41824
41882
41909
41922
41936
41945
41958
41987
41990
41994
41999
42003
42009
42011
42019
42048
42069
42115
42117
42136
42139
42165
42173
42200
42257
42266
42269
42270
42298
42307
42315
42321
42334
42347
42376
42394
42421
42428
42431
42432
42444
42448
42455
42478
42481
42492
42509
42537
42568
42583
42614
42623
42638
42652
42672
42758
42765
42766
42792
42825
42831
42853
42864
42867
42892
42913
42920
42926
42929
42938
42949
42970
42975
42980
43004
43017
43018
43023
43024
43029
43032
43039
43107
43112
43118
43121
43123
43138
43162
43192
43234
43284
43288
43402
43406
43416
43418
43435
43438
43447
43491
43498
43534
43541
43555
43556
43573
43584
43588
43599
43615
43629
43653
43655
43681
43692
43701
43716
43730
43732
43745
43762
43793
43809
43814
43819
43826
43833
43835
43838
43844
43857
43880
43897
43905
43979
43980
44017
44023
44029
44031
44049
44050
44056
44061
44101
44138
44144
44145
44170
44179
44181
44217
44252
44263
44281
44293
44306
44318
44337
44351
44365
44409
44442
44443
44489
44496
44499
44513
44533
44534
44536
44539
44556
44560
44563
44566
44614
44626
44659
44717
44734
44735
44739
44740
44806
44814
44817
44820
44846
44859
44865
44867
44900
44910
44918
44949
44977
44980
44981
44995
45039
45040
45058
45077
45111
45116
45126
45134
45139
45150
45176
45182
45203
45233
45248
45266
45267
45268
45283
45290
45355
45431
45432
45491
45527
45533
45557
45590
45593
45607
45632
45633
45644
45659
45696
45709
45723
45731
45734
45756
45773
45775
45798
45825
45838
45851
45873
45949
45976
45986
45989
46011
46043
46048
46057
46078
46089
46105
46110
46127
46153
46205
46212
46230
46238
46245
46247
46254
46268
46302
46331
46351
46361
46385
46415
46433
46502
46513
46515
46516
46544
46581
46588
46589
46610
46625
46640
46655
46714
46745
46746
46747
46753
46754
46755
46759
46783
46801
46856
46860
46870
46882
46903
46922
46924
46947
46960
46964
46977
47040
47049
47066
47074
47085
47097
47110
47114
47130
47131
47150
47173
47177
47180
47181
47202
47217
47242
47282
47296
47307
47333
47372
47373
47390
47391
47395
47400
47474
47522
47529
47537
47558
47568
47577
47586
47592
47593
47626
47630
47641
47642
47660
47702
47707
47713
47722
47727
47728
47737
47747
47749
47756
47771
47781
47787
47792
47801
47808
47812
47818
47820
47824
47846
47854
47858
47869
47879
47885
47886
47890
47899
47919
47938
47941
47956
47967
47987
48016
48030
48048
48081
48083
48094
48106
48107
48111
48122
48123
48150
48220
48223
48234
48242
48270
48273
48281
48319
48326
48342
48351
48356
48367
48375
48377
48387
48397
48401
48405
48431
48466
48472
48474
48475
48483
48485
48491
48509
48519
48520
48529
48548
48555
48576
48588
48592
48607
48609
48625
48626
48634
48660
48663
48722
48736
48768
48772
48787
48809
48832
48838
48844
48858
48861
48958
48966
48983
48993
49008
49010
49013
49022
49026
49033
49046
49090
49105
49133
49139
49140
49187
49213
49225
49250
49267
49269
49277
49289
49294
49302
49319
49330
49333
49339
49378
49385
49398
49404
49422
49463
49485
49497
49501
49512
49524
49526
49542
49553
49583
49627
49628
49667
49678
49685
49705
49751
49775
49778
49810
49815
49821
49822
49828
49834
49838
49840
49841
49863
49886
49889
49924
49950
49955
49962
49969
49989
50001
50019
50029
50034
50045
50051
50068
50073
50080
50085
50108
50114
50120
50122
50139
50149
50186
50194
50212
50230
50235
50240
50244
50257
50284
50289
50294
50331
50368
50369
50378
50385
50421
50424
50448
50474
50507
50559
50564
50570
50610
50618
50623
50630
50631
50636
50655
50675
50694
50696
50697
50702
50720
50722
50794
50798
50801
50816
50873
50877
50882
50898
50933
50940
50978
50989
51019
51045
51065
51081
51084
51108
51110
51135
51142
51165
51206
51210
51221
51235
51253
51262
51267
51278
51297
51313
51318
51325
51327
51334
51336
51338
51343
51344
51348
51378
51393
51416
51420
51438
51444
51445
51460
51490
51508
51538
51548
51560
51561
51597
51638
51640
51644
51646
51648
51653
51682
51695
51702
51714
51718
51719
51728
51729
51751
51774
51782
51783
51791
51814
51822
51824
51855
51856
51877
51890
51894
51903
51907
51909
51921
51928
51944
51969
51978
51979
51993
52023
52025
52028
52029
52049
52054
52078
52091
52098
52102
52118
52150
52152
52168
52242
52249
52264
52294
52295
52322
52344
52346
52357
52411
52427
52436
52479
52507
52511
52518
52538
52546
52554
52562
52565
52567
52570
52622
52626
52645
52661
52691
52713
52729
52731
52765
52789
52858
52865
52887
52902
52913
52985
52993
53051
53080
53083
53085
53099
53106
53113
53114
53175
53180
53185
53208
53213
53239
53245
53246
53253
53267
53297
53300
53301
53305
53330
53332
53347
53383
53397
53444
53456
53461
53496
53509
53520
53536
53560
53589
53590
53593
53595
53608
53620
53622
53623
53628
53632
53667
53668
53672
53693
53702
53715
53740
53745
53749
53751
53752
53754
53762
53792
53805
53813
53850
53853
53867
53870
53911
53915
53919
53934
53937
53945
53957
53959
53962
53972
53980
53982
53991
54018
54060
54064
54065
54101
54113
54124
54181
54195
54227
54249
54258
54259
54273
54278
54289
54292
54298
54299
54304
54340
54371
54382
54391
54404
54414
54432
54450
54455
54461
54490
54543
54553
54564
54569
54576
54601
54611
54655
54658
54667
54685
54694
54695
54738
54751
54756
54771
54776
54793
54814
54846
54865
54869
54871
54872
54879
54891
54903
54912
54945
54955
54973
54974
54995
55042
55056
55084
55095
55161
55223
55272
55273
55280
55281
55327
55345
55355
55359
55379
55385
55406
55413
55420
55424
55434
55449
55482
55488
55497
55502
55543
55546
55556
55557
55572
55586
55591
55632
55647
55648
55672
55684
55695
55718
55726
55730
55752
55753
55758
55777
55791
55809
55812
55825
55899
55909
55929
55947
55948
56001
56014
56020
56024
56035
56045
56046
56051
56073
56087
56088
56134
56160
56166
56205
56210
56216
56218
56233
56262
56289
56302
56304
56312
56322
56350
56384
56408
56409
56433
56435
56458
56482
56506
56507
56533
56581
56597
56615
56629
56662
56668
56695
56706
56724
56734
56742
56785
56802
56812
56887
56898
56919
56933
56936
56946
56947
56963
56974
56991
56996
57009
57016
57068
57111
57129
57130
57146
57190
57224
57243
57252
57260
57277
57303
57316
57328
57342
57360
57361
57367
57371
57390
57402
57415
57424
57439
57447
57479
57483
57484
57498
57504
57513
57527
57564
57566
57570
57571
57581
57589
57607
57614
57623
57625
57632
57639
57642
57662
57679
57725
57731
57741
57755
57760
57774
57776
57785
57813
57825
57836
57838
57846
57853
57855
57862
57884
57889
57901
57908
57914
57921
57926
57959
57978
57991
58017
58033
58039
58040
58053
58074
58077
58082
58102
58104
58107
58134
58144
58148
58149
58153
58161
58170
58175
58183
58204
58215
58219
58225
58251
58264
58285
58295
58311
58321
58335
58339
58350
58352
58379
58433
58455
58476
58484
58501
58531
58535
58544
58557
58558
58570
58605
58607
58608
58635
58649
58652
58668
58682
58687
58694
58721
58739
58757
58767
58769
58789
58794
58806
58817
58819
58820
58832
58835
58837
58847
58854
58855
58869
58870
58877
58894
58898
58902
58907
58910
58917
58918
58932
58936
58940
58971
58972
58980
58988
59006
59026
59045
59081
59093
59095
59105
59145
59186
59198
59208
59236
59250
59258
59265
59267
59307
59320
59331
59351
59359
59363
59365
59367
59373
59386
59396
59406
59407
59410
59415
59424
59431
59442
59454
59466
59476
59489
59518
59545
59551
59555
59557
59562
59571
59573
59575
59591
59592
59597
59616
59625
59659
59664
59665
59677
59683
59712
59746
59784
59802
59807
59836
59844
59846
59892
59912
59929
59941
59946
59987
59995
59996
60010
60030
60050
60052
60057
60064
60065
60072
60106
60115
60118
60130
60161
60162
60165
60180
60190
60237
60245
60257
60260
60265
60276
60292
60315
60320
60367
60422
60440
60444
60445
60452
60455
60485
60490
60495
60501
60502
60540
60545
60556
60569
60574
60609
60627
60631
60642
60662
60679
60690
60702
60706
60753
60756
60769
60776
60778
60815
60836
60843
60859
60886
60900
60919
60925
60964
60967
60987
61000
61009
61013
61031
61047
61104
61110
61127
61132
61205
61207
61223
61225
61243
61251
61277
61284
61286
61317
61341
61347
61371
61372
61414
61426
61440
61446
61469
61532
61541
61566
61569
61572
61580
61604
61629
61632
61633
61651
61667
61673
61692
61693
61701
61704
61727
61737
61738
61747
61762
61788
61790
61791
61809
61821
61823
61839
61849
61869
61874
61878
61882
61886
61891
61947
61949
61958
61978
61981
61993
62003
62012
62071
62072
62079
62080
62084
62115
62121
62125
62126
62142
62159
62160
62195
62211
62216
62233
62238
62242
62245
62271
62284
62304
62322
62328
62342
62343
62344
62364
62374
62383
62386
62387
62392
62397
62401
62402
62411
62415
62423
62428
62436
62441
62446
62471
62472
62488
62496
62506
62516
62518
62556
62561
62569
62577
62585
62695
62698
62704
62712
62735
62755
62772
62783
62790
62797
62803
62804
62821
62824
62829
62830
62844
62852
62888
62906
62909
62912
62922
62951
62964
62968
62986
62987
63040
63054
63081
63121
63132
63152
63162
63165
63175
63190
63192
63234
63261
63281
63285
63301
63347
63364
63380
63403
63409
63412
63424
63436
63440
63479
63501
63507
63520
63532
63577
63607
63642
63654
63661
63668
63678
63683
63693
63716
63721
63772
63778
63781
63784
63786
63792
63816
63825
63826
63835
63874
63901
63923
63935
63948
63971
63993
63999
64039
64043
64047
64062
64113
64124
64128
64130
64137
64168
64192
64247
64250
64267
64274
64293
64324
64327
64351
64393
64394
64407
64410
64419
64435
64443
64449
64461
64481
64486
64491
64522
64525
64534
64540
64574
64576
64579
64589
64593
64603
64657
64659
64684
64685
64694
64733
64778
64792
64812
64814
64816
64820
64826
64832
64833
64862
64875
64892
64905
64924
64938
64947
64962
64972
64981
65000
65006
65012
65026
65040
65051
65055
65059
65063
65068
65079
65110
65116
65118
65166
65170
65182
65184
65269
65277
65302
65318
65344
65347
65384
65385
65418
65427
65435
65438
65445
65531
65547
65558
65582
65593
65599
65626
65659
65661
65730
65754
65763
65773
65783
65789
65799
65820
65828
65829
65835
65874
65877
65905
65911
65922
65942
65977
66003
66004
66031
66051
66067
66100
66105
66110
66122
66185
66189
66200
66234
66300
66345
66383
66385
66410
66420
66432
66442
66464
66466
66480
66490
66558
66562
66578
66594
66604
66614
66620
66663
66674
66678
66689
66696
66704
66734
66756
66767
66784
66822
66825
66829
66839
66862
66864
66905
66977
67004
67008
67027
67055
67058
67075
67081
67087
67142
67159
67166
67180
67185
67186
67204
67212
67227
67241
67253
67273
67291
67296
67341
67359
67360
67399
67402
67410
67426
67434
67439
67454
67455
67459
67479
67483
67488
67513
67537
67540
67543
67548
67549
67556
67561
67566
67570
67577
67593
67607
67608
67623
67627
67638
67640
67651
67653
67702
67703
67726
67746
67761
67767
67781
67787
67798
67827
67876
67884
67889
67927
67948
67976
68020
68032
68033
68036
68052
68137
68163
68165
68166
68175
68187
68188
68193
68225
68292
68315
68328
68342
68377
68393
68407
68418
68455
68529
68543
68576
68589
68606
68611
68612
68614
68678
68685
68689
68733
68749
68757
68759
68765
68793
68794
68805
68833
68840
68850
68855
68863
68878
68888
68900
68901
68907
68908
68931
68939
68940
68952
68963
68980
69038
69045
69053
69084
69135
69145
69152
69163
69168
69171
69191
69194
69233
69240
69250
69299
69301
69306
69313
69323
69346
69347
69352
69383
69414
69423
69427
69430
69436
69448
69472
69473
69483
69525
69543
69560
69562
69569
69573
69578
69579
69594
69633
69650
69680
69683
69695
69719
69726
69754
69759
69763
69772
69799
69808
69816
69819
69826
69860
69884
69913
69916
69920
69974
69981
70023
70042
70068
70073
70079
70099
70101
70105
70128
70141
70173
70188
70192
70197
70203
70205
70209
70219
70220
70224
70234
70236
70241
70288
70291
70307
70322
70329
70388
70395
70405
70437
70452
70469
70472
70475
70495
70496
70510
70535
70548
70562
70569
70572
70575
70587
70590
70596
70615
70621
70628
70665
70669
70698
70704
70714
70725
70737
70751
70784
70789
70792
70821
70858
70885
70897
70930
70938
70940
70976
71002
71018
71063
71078
71090
71094
71107
71116
71134
71142
71175
71184
71186
71195
71295
71301
71320
71329
71338
71363
71380
71389
71413
71418
71435
71447
71460
71475
71490
71492
71500
71502
71527
71537
71549
71562
71568
71578
71594
71606
71607
71629
71631
71636
71641
71644
71676
71681
71683
71689
71699
71711
71718
71725
71728
71748
71766
71770
71787
71801
71824
71851
71856
71913
72012
72017
72031
72055
72062
72068
72077
72110
72115
72131
72181
72182
72191
72201
72232
72238
72276
72287
72300
72307
72329
72344
72345
72370
72417
72428
72444
72472
72473
72476
72491
72518
72576
72589
72651
72670
72687
72691
72707
72721
72730
72734
72760
72780
72794
72812
72845
72850
72854
72857
72889
72973
72980
72981
73026
73089
73095
73103
73113
73119
73156
73177
73182
73185
73186
73213
73252
73253
73267
73282
73311
73315
73335
73414
73439
73444
73471
73473
73494
73509
73550
73555
73562
73607
73611
73615
73639
73669
73674
73676
73678
73700
73733
73741
73793
73797
73828
73838
73897
73907
73963
73977
73981
74031
74091
74095
74106
74117
74168
74179
74181
74190
74231
74241
74307
74314
74327
74337
74350
74364
74378
74379
74383
74397
74419
74424
74448
74459
74472
74479
74488
74516
74522
74531
74556
74558
74569
74600
74623
74685
74739
74743
74745
74771
74776
74785
74787
74802
74847
74912
74915
74918
74931
74972
74981
74990
75018
75025
75041
75043
75072
75116
75143
75144
75170
75196
75222
75225
75265
75277
75315
75367
75393
75395
75406
75437
75444
75473
75475
75538
75548
75572
75589
75590
75618
75627
75632
75635
75640
75647
75658
75685
75695
75698
75710
75739
75775
75808
75847
75850
75909
75928
75934
75942
75981
75982
75996
76017
76051
76054
76152
76156
76172
76196
76207
76224
76225
76230
76266
76272
76279
76313
76314
76334
76340
76345
76371
76375
76377
76404
76406
76420
76471
76472
76478
76495
76506
76536
76556
76561
76566
76579
76602
76646
76664
76667
76688
76692
76760
76783
76798
76800
76856
76886
76892
76918
76947
76978
76984
76994
76998
77026
77027
77029
77055
77105
77111
77154
77166
77174
77200
77201
77223
77238
77251
77291
77336
77339
77345
77361
77362
77373
77385
77391
77460
77471
77493
77501
77503
77519
77554
77566
77571
77598
77615
77619
77640
77663
77670
77692
77744
77764
77818
77830
77852
77856
77865
77868
77883
77913
77945
77956
77964
77972
77980
77997
77999
78009
78012
78020
78021
78029
78072
78083
78089
78094
78125
78146
78148
78156
78158
78165
78167
78168
78213
78242
78257
78259
78262
78263
78264
78266
78270
78307
78317
78320
78345
78363
78368
78382
78384
78385
78417
78476
78480
78493
78522
78539
78554
78568
78574
78581
78592
78611
78616
78659
78700
78721
78726
78735
78739
78743
78746
78758
78771
78786
78797
78802
78841
78847
78848
78867
78872
78891
78919
78976
78978
79017
79019
79063
79090
79107
79126
79147
79177
79181
79193
79205
79209
79212
79213
79221
79225
79234
79249
79256
79262
79308
79330
79333
79335
79341
79354
79393
79412
79427
79430
79431
79435
79465
79475
79477
79488
79541
79543
79553
79603
79623
79666
79686
79712
79726
79736
79755
79772
79779
79781
79794
79798
79802
79806
79811
79826
79836
79850
79861
79868
79932
79955
79965
79974
79979
79992
80027
80030
80039
80041
80051
80071
80083
80102
80104
80110
80126
80130
80144
80150
80159
80212
80222
80253
80259
80262
80269
80283
80294
80295
80325
80326
80327
80342
80362
80365
80374
80383
80395
80402
80405
80410
80432
80452
80487
80488
80518
80521
80541
80544
80550
80588
80606
80640
80645
80740
80776
80816
80817
80825
80849
80853
80860
80870
80887
80890
80903
80905
80927
80931
80981
80990
81002
81014
81026
81037
81046
81080
81095
81098
81109
81111
81157
81165
81169
81186
81188
81238
81263
81295
81304
81309
81317
81329
81370
81394
81395
81412
81417
81426
81430
81443
81445
81463
81480
81486
81490
81493
81503
81506
81549
81597
81609
81618
81619
81621
81663
81664
81665
81676
81679
81681
81696
81721
81729
81739
81747
81752
81757
81784
81806
81815
81835
81839
81880
81885
81906
81912
81943
81953
81962
81980
82020
82023
82058
82060
82071
82087
82097
82100
82109
82112
82160
82175
82197
82204
82206
82249
82262
82293
82295
82297
82306
82307
82323
82324
82325
82343
82345
82346
82352
82363
82364
82365
82385
82386
82398
82472
82481
82486
82498
82506
82516
82517
82536
82549
82627
82656
82658
82665
82693
82694
82695
82713
82724
82728
82734
82747
82748
82776
82777
82780
82811
82812
82830
82833
82850
82857
82860
82873
82893
82901
82912
82919
82942
82947
82963
82964
82981
82987
82992
83010
83016
83029
83041
83046
83059
83113
83198
83238
83244
83249
83264
83300
83304
83306
83308
83342
83347
83375
83376
83378
83393
83410
83423
83430
83433
83443
83467
83478
83479
83496
83552
83554
83582
83609
83616
83632
83674
83677
83684
83692
83703
83714
83730
83743
83762
83781
83812
83814
83822
83839
83841
83854
83859
83862
83866
83876
83891
83953
83961
83970
83995
84004
84010
84027
84028
84035
84059
84091
84096
84102
84122
84123
84139
84143
84164
84166
84208
84213
84233
84256
84261
84286
84329
84337
84341
84369
84379
84404
84411
84415
84429
84456
84465
84467
84509
84524
84531
84565
84575
84612
84614
84621
84656
84673
84677
84679
84731
84750
84763
84767
84772
84791
84795
84818
84825
84836
84859
84867
84876
84880
84896
84898
84899
84904
84913
84920
84927
84932
84948
84956
84968
84989
85043
85047
85059
85078
85114
85117
85126
85169
85195
85229
85230
85251
85268
85277
85282
85296
85298
85304
85314
85331
85345
85366
85374
85386
85414
85489
85502
85505
85519
85591
85596
85597
85600
85620
85624
85701
85752
85767
85782
85820
85842
85871
85872
85887
85893
85921
85924
85925
85958
86019
86048
86049
86068
86099
86111
86120
86122
86131
86160
86183
86207
86221
86224
86234
86235
86266
86284
86306
86307
86313
86327
86331
86334
86349
86430
86458
86512
86515
86519
86523
86532
86559
86573
86612
86734
86737
86749
86773
86812
86815
86818
86836
86839
86848
86852
86883
86897
86938
86939
86955
86975
86990
87028
87055
87061
87072
87140
87144
87155
87156
87160
87166
87173
87189
87201
87232
87234
87293
87311
87320
87335
87371
87374
87381
87426
87452
87458
87468
87478
87484
87495
87500
87510
87548
87563
87571
87585
87594
87615
87625
87681
87689
87702
87770
87790
87804
87886
87909
87910
87916
87921
87922
87933
87961
88011
88012
88026
88028
88040
88043
88064
88074
88092
88098
88106
88109
88127
88140
88143
88149
88155
88179
88218
88223
88242
88248
88249
88254
88268
88305
88307
88328
88330
88341
88347
88400
88401
88402
88437
88439
88457
88517
88522
88538
88567
88573
88590
88591
88611
88614
88640
88643
88648
88663
88673
88684
88748
88766
88769
88775
88786
88800
88802
88816
88818
88838
88855
88871
88908
88923
88936
88940
88946
88967
88990
89013
89017
89018
89028
89051
89093
89126
89143
89144
89158
89175
89202
89205
89216
89231
89233
89256
89258
89274
89299
89316
89320
89324
89326
89372
89382
89401
89408
89419
89435
89437
89450
89523
89535
89568
89574
89578
89583
89596
89613
89623
89627
89669
89674
89683
89714
89739
89746
89753
89762
89772
89777
89791
89793
89794
89805
89815
89886
89901
89928
89937
89950
89955
89978
90007
90010
90013
90033
90037
90038
90053
90092
90110
90115
90124
90126
90129
90131
90132
90146
90159
90190
90230
90232
90241
90249
90254
90273
90275
90279
90290
90294
90295
90304
90351
90378
90417
90423
90455
90478
90493
90508
90511
90515
90543
90550
90551
90556
90562
90567
90576
90579
90603
90617
90647
90663
90672
90677
90697
90711
90714
90716
90752
90759
90762
90778
90791
90806
90823
90826
90833
90836
90837
90850
90886
90896
90901
90905
90915
90924
90957
90991
90997
90999
91014
91015
91033
91081
91085
91116
91129
91131
91136
91179
91197
91220
91225
91239
91251
91286
91292
91310
91316
91342
91357
91366
91373
91395
91419
91438
91479
91483
91495
91497
91507
91510
91514
91532
91536
91546
91612
91613
91631
91634
91635
91641
91656
91668
91697
91706
91719
91721
91726
91736
91738
91752
91753
91772
91804
91822
91828
91829
91876
91907
91918
91933
91936
91938
91987
92013
92043
92061
92078
92088
92093
92116
92132
92135
92136
92141
92176
92187
92202
92207
92210
92221
92224
92244
92290
92340
92343
92355
92370
92375
92376
92379
92400
92420
92452
92453
92464
92491
92514
92520
92531
92554
92575
92617
92627
92632
92673
92674
92704
92723
92735
92771
92783
92822
92830
92858
92866
92868
92896
92916
92940
92945
92969
92971
92986
92989
93001
93047
93063
93066
93110
93111
93121
93129
93133
93146
93153
93158
93193
93226
93235
93258
93264
93291
93325
93337
93349
93399
93410
93424
93429
93447
93464
93476
93477
93487
93502
93522
93533
93540
93548
93549
93591
93605
93636
93651
93676
93681
93683
93685
93697
93720
93785
93799
93801
93820
93835
93863
93901
93906
93912
93938
93961
93962
93968
93978
93987
93990
94010
94013
94025
94028
94038
94043
94046
94061
94075
94094
94106
94108
94134
94141
94153
94162
94165
94184
94202
94206
94212
94223
94244
94288
94303
94312
94320
94335
94336
94339
94340
94348
94364
94366
94368
94376
94393
94402
94404
94415
94435
94438
94453
94458
94474
94484
94489
94491
94500
94518
94523
94588
94604
94616
94640
94641
94654
94657
94706
94714
94716
94730
94737
94738
94750
94809
94824
94829
94863
94869
94896
94898
94939
94957
94961
94965
94988
95052
95056
95057
95086
95088
95118
95124
95133
95159
95198
95208
95222
95223
95228
95256
95280
95350
95378
95386
95411
95436
95443
95444
95451
95460
95479
95489
95497
95501
95513
95538
95540
95546
95547
95596
95599
95621
95643
95652
95657
95676
95688
95702
95704
95726
95732
95739
95816
95832
95836
95837
95840
95844
95853
95856
95871
95902
95926
95942
95984
95998
96031
96049
96061
96100
96101
96112
96164
96172
96200
96207
96230
96258
96333
96349
96356
96395
96422
96426
96435
96458
96487
96489
96496
96522
96526
96542
96564
96572
96580
96581
96593
96605
96636
96647
96669
96735
96773
96789
96843
96865
96969
96974
97057
97068
97096
97113
97116
97149
97150
97184
97199
97228
97232
97270
97278
97293
97309
97362
97443
97465
97478
97486
97516
97520
97526
97538
97550
97551
97573
97594
97608
97629
97630
97641
97644
97649
97665
97673
97685
97708
97717
97729
97733
97804
97805
97817
97822
97823
97839
97841
97844
97846
97868
97913
97923
97927
98000
98009
98021
98031
98033
98041
98077
98080
98081
98084
98085
98164
98177
98190
98212
98213
98231
98233
98237
98241
98265
98270
98282
98313
98317
98318
98334
98355
98368
98376
98389
98411
98413
98438
98440
98447
98474
98526
98537
98546
98549
98553
98571
98601
98615
98666
98675
98702
98705
98737
98772
98782
98789
98793
98806
98815
98822
98824
98842
98843
98852
98854
98856
98875
98896
98920
98935
98981
98989
99021
99034
99045
99051
99053
99092
99096
99097
99120
99154
99175
99193
99216
99246
99254
99256
99258
99276
99285
99290
99308
99309
99361
99362
99399
99400
99410
99436
99438
99451
99484
99485
99492
99503
99511
99512
99535
99536
99546
99567
99586
99606
99615
99632
99636
99647
99726
99735
99745
99754
99756
99765
99793
99802
99805
99817
99839
99850
99852
99858
99859
99890
99921
99950
99989
99990
99997
100016
100033
100034
100047
100048
100054
100102
100113
100135
100137
100140
100148
100218
100219
100248
100286
100288
100293
100332
100338
100345
100355
100382
100404
100423
100449
100453
100469
100490
100523
100530
100531
100549
100573
100578
100591
100599
100625
100630
100631
100715
100734
100764
100774
100781
100783
100790
100820
100828
100843
100857
100868
100879
100922
100927
100935
100940
100944
100965
100991
101023
101029
101035
101063
101079
101082
101119
101120
101121
101125
101162
101166
101186
101204
101275
101282
101306
101317
101321
101356
101375
101381
101393
101418
101423
101444
101450
101453
101482
101500
101506
101574
101580
101594
101625
101626
101663
101687
101688
101696
101705
101711
101737
101743
101779
101781
101811
101822
101826
101856
101881
101888
101933
101951
101985
101999
102042
102081
102082
102087
102098
102102
102121
102207
102219
102246
102267
102276
102281
102307
102352
102356
102358
102395
102398
102410
102419
102422
102440
102461
102503
102532
102546
102561
102593
102626
102652
102671
102685
102698
102720
102732
102783
102784
102786
102792
102800
102820
102823
102829
102853
102861
102905
102937
102949
102953
102976
102990
103006
103014
103015
103016
103039
103069
103077
103087
103128
103133
103160
103161
103168
103185
103193
103207
103241
103304
103308
103317
103324
103350
103364
103401
103431
103433
103441
103484
103533
103536
103548
103567
103585
103636
103647
103656
103747
103755
103761
103801
103807
103832
103839
103844
103867
103910
103916
103924
103925
103935
103986
104002
104005
104010
104015
104059
104060
104066
104068
104074
104083
104093
104124
104130
104149
104168
104180
104206
104285
104316
104329
104348
104353
104386
104387
104415
104416
104426
104504
104506
104513
104551
104564
104569
104608
104613
104615
104644
104653
104666
104669
104715
104727
104730
104731
104764
104776
104777
104782
104789
104797
104802
104828
104833
104837
104841
104864
104866
104877
104879
104881
104896
104928
104930
104948
104962
104986
105017
105018
105026
105032
105043
105050
105065
105130
105151
105186
105193
105195
105201
105284
105285
105357
105370
105383
105392
105405
105416
105428
105446
105467
105492
105498
105518
105571
105588
105612
105623
105627
105638
105645
105663
105678
105679
105686
105723
105738
105759
105767
105769
105773
105778
105787
105788
105849
105850
105874
105876
105899
105916
105956
105966
106012
106016
106026
106100
106144
106149
106154
106176
106182
106189
106205
106207
106208
106216
106226
106243
106294
106296
106364
106403
106417
106420
106424
106446
106481
106512
106527
106531
106544
106549
106550
106557
106573
106574
106588
106592
106597
106598
106622
106636
106642
106645
106649
106653
106662
106666
106727
106750
106754
106799
106820
106832
106884
106897
106924
107016
107031
107044
107060
107064
107078
107097
107114
107129
107196
107230
107231
107233
107250
107257
107264
107280
107317
107348
107351
107369
107372
107376
107390
107399
107421
107444
107469
107476
107510
107516
107565
107572
107600
107607
107613
107646
107708
107713
107717
107718
107727
107730
107751
107774
107783
107788
107819
107859
107877
107882
107884
107894
107929
107932
107935
107937
107948
107968
107972
107978
107998
108013
108020
108043
108046
108057
108066
108081
108109
108122
108144
108150
108152
108159
108193
108209
108219
108243
108251
108275
108310
108319
108349
108352
108354
108380
108427
108489
108535
108556
108587
108594
108595
108603
108630
108632
108659
108660
108672
108689
108698
108706
108728
108729
108736
108742
108758
108779
108799
108801
108835
108836
108839
108844
108870
108886
108900
108906
108913
108925
109006
109010
109019
109036
109061
109063
109070
109074
109119
109158
109163
109165
109191
109262
109337
109360
109394
109400
109402
109464
109492
109566
109568
109572
109573
109599
109607
109610
109619
109638
109652
109698
109705
109715
109756
109766
109767
109833
109850
109859
109866
109872
109873
109890
109892
109933
109942
109959
109978
110001
110006
110019
110039
110057
110058
110067
110099
110112
110120
110146
110160
110169
110198
110210
110215
110234
110279
110309
110322
110326
110337
110339
110344
110383
110386
110393
110399
110400
110415
110444
110447
110451
110466
110478
110493
110502
110504
110509
110526
110533
110550
110566
110570
110572
110597
110618
110620
110627
110632
110651
110653
110654
110657
110663
110697
110708
110718
110719
110736
110737
110743
110751
110767
110776
110803
110806
110807
110817
110860
110870
110883
110891
110892
110964
110972
110981
110991
110998
111003
111008
111018
111042
111060
111064
111065
111076
111077
111142
111144
111156
111188
111206
111219
111237
111250
111256
111264
111265
111283
111284
111306
111326
111347
111348
111359
111365
111385
111386
111393
111424
111440
111441
111449
111461
111479
111493
111518
111527
111564
111572
111584
111586
111592
111613
111698
111700
111719
111733
111766
111792
111793
111839
111847
111869
111896
111904
111908
111946
111972
111978
111979
111998
112026
112029
112044
112073
112089
112111
112145
112153
112155
112173
112204
112214
112216
112281
112292
112295
112306
112312
112317
112333
112347
112380
112452
112473
112479
112503
112522
112536
112539
112545
112553
112556
112577
112606
112626
112642
112652
112693
112725
112746
112777
112784
112800
112807
112818
112831
112832
112837
112862
112866
112869
112874
112887
112922
112932
112946
112960
112988
112994
112998
113021
113041
113052
113064
113068
113105
113113
113124
113137
113152
113161
113189
113201
113206
113207
113241
113265
113266
113272
113294
113332
113340
113387
113390
113392
113399
113405
113412
113431
113465
113480
113506
113520
113531
113540
113546
113620
113647
113652
113660
113695
113715
113727
113760
113771
113779
113782
113799
113812
113816
113864
113879
113903
113914
113919
113930
113942
113952
113954
113963
113970
113975
113985
114030
114068
114083
114086
114087
114110
114113
114114
114125
114137
114160
114175
114176
114187
114228
114234
114237
114245
114265
114267
114270
114272
114275
114282
114290
114291
114296
114303
114319
114325
114376
114377
114379
114384
114410
114449
114454
114470
114489
114508
114510
114515
114522
114555
114578
114590
114606
114614
114634
114638
114675
114685
114688
114694
114697
114706
114712
114716
114780
114794
114823
114836
114860
114878
114880
114900
114910
114923
114950
114970
114992
114994
114995
115036
115042
115059
115074
115086
115088
115091
115135
115141
115143
115144
115174
115181
115188
115214
115222
115223
115242
115243
115254
115267
115270
115291
115302
115325
115339
115343
115390
115407
115413
115423
115460
115483
115484
115507
115553
115559
115570
115575
115598
115602
115620
115623
115631
115648
115656
115673
115684
115694
115705
115713
115714
115751
115759
115870
115871
115878
115883
115899
115925
115930
115942
115951
115983
115998
116006
116015
116016
116018
116058
116060
116070
116073
116093
116096
116113
116120
116130
116161
116177
116196
116203
116212
116227
116230
116255
116256
116263
116274
116309
116315
116343
116350
116353
116367
116370
116401
116407
116408
116410
116411
116443
116452
116455
116473
116476
116495
116497
116500
116508
116527
116556
116595
116615
116622
116645
116656
116664
116673
116681
116684
116705
116744
116745
116758
116769
116770
116772
116778
116798
116805
116837
116839
116876
116883
116896
116898
116907
116911
116931
116942
116953
117008
117035
117047
117059
117080
117145
117150
117154
117185
117186
117208
117226
117234
117235
117298
117316
117364
117378
117386
117423
117434
117446
117448
117455
117458
117459
117461
117468
117471
117487
117492
117505
117507
117524
117553
117575
117584
117586
117591
117597
117636
117637
117639
117647
117685
117690
117703
117704
117710
117735
117752
117753
117760
117762
117781
117787
117800
117864
117892
117937
117988
117990
117994
118004
118058
118075
118083
118084
118085
118095
118099
118101
118122
118137
118142
118146
118149
118160
118174
118177
118189
118193
118221
118227
118243
118249
118260
118274
118283
118297
118298
118305
118311
120001
120121
120148
120276
